# region 21_19 pairs (Recast axis order): x1 height1 y1 x2 height2 y2
60264 -1336 51496 42488 -3928 47464
35224 -3696 36200 51160 -3456 48264
51752 -3504 45864 48984 -3656 35880
46104 -3928 48264 36808 -3656 34664
47880 -3664 64472 50792 -3424 53192
39464 -3576 42536 47368 -2992 48296
42968 -3504 40680 56088 -3656 50984
38040 -3600 59256 33880 -3592 63192
53352 -2568 36344 63352 -3704 38680
53208 -3504 48888 48248 -3704 45640
37560 -3440 51320 36008 -3656 61784
41656 -3928 47624 38296 -3552 41272
33928 -3632 43352 52040 -3520 44296
47608 -3784 62056 39208 -3416 54520
63368 -3384 57496 40408 -3304 53224
34344 -3608 48488 39160 -3616 63944
35720 -3688 46408 54168 -3680 40088
44616 -3064 49224 61496 -352 40760
46184 -3584 36280 37608 -3456 51352
60136 -1680 51688 47560 -3752 61224
44584 -3856 46024 59416 -352 45752
54328 -3592 41032 35880 -3656 35864
55672 -3608 52312 48680 -3672 34024
41608 -3520 61384 39448 -3560 46008
34040 -3600 48600 53000 -3344 55400
43704 -3448 40152 54296 -3432 55416
35784 -3648 47944 48248 -3664 53528
34184 -3504 54024 50664 -3424 55672
36648 -3488 52968 47160 -3056 48840
35032 -3704 60760 42072 -3592 35640
44488 -3648 58296 61464 -352 54360
34488 -3512 40328 50408 -3432 52680
37000 -3664 58888 62472 -352 62632
54232 -3560 57688 40712 -3544 41752
35320 -3880 38280 61336 -352 56008
60488 -352 46760 41864 -3928 48056
34232 -3712 59864 49672 -3496 59096
57224 -3400 63192 34904 -3688 57640
34680 -3632 37896 64296 -3696 52216
35832 -3696 34456 37736 -3648 58808
42584 -3496 61576 62984 -2280 40456
34648 -3568 51480 42328 -3488 39224
51512 -3600 63640 45656 -3520 57576
60040 -3120 57640 42936 -3712 53640
34712 -3656 46456 52008 -3520 47144
47432 -3488 42600 62952 -352 58664
46024 -3504 39448 48984 -3448 55496
51096 -3608 64136 53768 -3320 55960
58040 -3720 43496 40456 -3624 35736
44328 -3568 54968 48168 -3840 46936
44488 -3560 62168 52952 -3368 60488
62024 -352 58568 61512 -352 55800
52936 -3528 40616 41880 -3576 36264
54360 -3528 62728 62744 -3136 50456
35672 -3560 55528 38312 -3576 53624
64328 -3632 48488 35736 -3528 52312
40136 -3528 61080 57576 -352 36920
49608 -3552 37096 57944 -3968 55784
62632 -352 52584 44648 -3632 58520
60808 -352 56760 38088 -3816 43208
45256 -2992 46584 54616 -3576 51816
59928 -3520 34584 52184 -3600 38904
54232 -3648 47864 33992 -3664 35912
44376 -3672 57640 37848 -3656 58616
35976 -3600 53592 61320 -352 60632
58952 -3480 64088 62776 -3600 49896
36504 -3584 48168 52488 -352 34936
41864 -3488 40952 49400 -3360 54696
39160 -3528 62360 51864 -3544 39336
53032 -3504 59112 43624 -3584 62680
62232 -352 52744 51368 -3376 59336
49384 -3592 58824 37176 -3608 48104
42968 -3840 51928 55352 -3912 58328
38440 -3624 38344 37496 -3672 63416
57656 -3656 50088 39848 -3600 40248
45640 -3512 54968 58024 -3456 63992
44680 -2984 47032 57528 -352 37800
42440 -3936 46968 55448 -3656 44440
52072 -3480 41432 38440 -3456 53016
59064 -352 36408 42056 -3800 52216
48872 -3632 59768 61944 -3352 46504
54248 -3592 46424 54904 -3568 55032
37992 -3632 44536 47848 -3840 46376
64472 -3760 36264 39432 -3608 42072
48360 -3072 40952 63928 -3648 47064
55816 -3672 50888 49992 -3512 44440
41128 -3600 63720 45624 -3712 63752
34168 -3568 50040 50792 -3456 41672
44872 -3672 35240 37208 -3488 52792
54120 -3488 62824 50984 -3552 50792
42312 -3680 34360 40200 -3592 36216
63608 -3704 54104 56408 -3712 41592
55288 -3160 41272 35448 -3912 37976
38984 -3592 59304 41592 -3512 38200
46824 -3656 56456 36040 -3568 55816
62152 -352 58632 44888 -3776 53912
58984 -3936 57160 57048 -3856 54312
53832 -3432 64376 50104 -3512 57640
52808 -3464 53928 48968 -3736 52008
33800 -3632 42456 53640 -3608 43256
49912 -3480 38376 44856 -3600 57784
58824 -352 47864 57528 -3864 59528
37288 -3592 60184 52984 -3520 43528
50184 -3480 46856 41080 -3496 40600
39784 -3456 51032 63224 -2904 53336
55016 -3704 47240 39144 -3624 38392
50184 -3496 60696 58184 -3968 59064
55336 -3704 47224 48216 -3800 61832
47768 -3720 45400 46408 -3824 54568
64408 -3640 51512 41512 -3456 54040
46360 -3880 47352 52552 -3696 38040
48968 -3728 52728 63368 -3080 53384
57224 -4008 57960 44040 -3504 40792
44216 -2960 46760 41336 -3904 50600
57320 -352 37512 40952 -3528 38760
55864 -3816 56152 40184 -3560 38632
35384 -3664 57128 43720 -3672 34456
49960 -3496 39624 60648 -3464 34600
36648 -3664 62536 58680 -3344 62664
60520 -2424 57400 49080 -3824 47480
62984 -2664 51096 39256 -3608 41768
63368 -3704 39656 33848 -3608 43336
42808 -3512 37096 35320 -3688 58728
60840 -352 58584 34456 -3504 49000
54392 -3728 38904 56248 -3696 42152
48488 -3720 61624 51672 -3536 39224
56088 -3648 51976 52936 -3360 60408
59000 -3960 56536 43352 -3640 56216
62312 -2336 43064 34904 -3664 57048
52312 -3712 37448 44440 -2992 47432
59288 -3160 58312 62408 -352 60200
37400 -3448 50232 34632 -3712 58632
63128 -3288 41480 62632 -2312 42376
56296 -3304 60488 58872 -352 44968
36120 -3672 46136 47336 -3840 52072
62712 -3320 49256 55288 -3664 48920
54024 -352 33832 57048 -3816 53976
41144 -3592 35480 48808 -3544 56280
41160 -3568 36680 56664 -3632 52696
38408 -3448 54776 45688 -3928 52328
55112 -3928 59176 64280 -3720 46312
50168 -3528 61176 40008 -3600 40680
47080 -3800 56024 53912 -3600 43432
60824 -352 51000 49032 -3496 39080
54472 -3592 50856 36792 -3552 55912
42936 -3544 63176 55384 -3736 37880
58216 -352 37432 62344 -352 60664
40232 -3672 64040 56984 -4016 57608
49208 -3568 36504 41880 -3648 34552
54328 -3584 49544 41160 -3648 57576
64120 -3752 36008 38552 -3568 55928
40312 -3560 60696 63432 -2912 51736
45336 -3488 62424 58456 -3280 62088
56776 -3632 38696 62328 -2832 34920
60600 -352 42600 61256 -352 53496
39720 -3568 37896 46232 -3064 49240
39688 -3576 46088 62792 -352 57608
48024 -3832 60104 39800 -3680 43416
47128 -3552 37480 60296 -352 37416
56088 -3544 60168 44728 -3056 48456
42104 -3848 50968 40984 -3872 49560
39368 -3584 38120 56648 -3712 53944
53128 -3368 55176 48072 -3840 51528
49816 -3336 54072 39576 -3416 51832
57720 -352 35624 50024 -2968 34408
60312 -352 42552 42056 -3624 54968
39048 -3528 62312 57096 -3712 39928
49272 -3488 41528 55544 -3576 55560
43592 -3816 53624 60840 -352 55352
48408 -3584 63848 45272 -3864 52936
62088 -352 59704 46376 -2976 47368
49096 -3384 54968 35048 -3456 49544
39016 -3640 34728 60360 -2392 58168
48008 -3824 59896 55224 -3568 52360
49592 -3792 50072 44344 -3056 50072
38056 -3528 52456 43416 -3592 59496
56856 -3304 61816 50552 -3544 56216
59656 -2144 59720 40072 -3608 59848
54104 -3712 37624 44552 -3064 49976
63432 -3624 47560 37352 -3696 56904
52776 -3368 59848 56216 -3712 44024
42616 -3680 54488 35832 -3536 48616
58024 -352 35832 53960 -3528 41448
54824 -3664 48312 49176 -3536 45992
40168 -3368 51896 54808 -3584 63560
49960 -3584 64184 60616 -352 51768
38664 -3576 45896 62760 -3704 56824
48104 -3816 61848 52328 -3504 50184
54232 -3512 57336 55688 -3728 39480
41800 -3928 47928 54952 -3592 53576
53112 -3704 38424 54216 -3728 38024
58696 -3968 57000 42200 -3864 46056
52424 -3648 38648 56920 -352 34536
55016 -3712 47080 37656 -3624 59144
40840 -3768 47416 43608 -3544 36088
55416 -3520 62840 61576 -352 49544
51704 -352 33944 36232 -3664 36472
50888 -3528 44136 58168 -3976 55496
38440 -3560 41400 48456 -3504 55528
56888 -3640 50408 38088 -3792 43048
